{"producer":{"name":"Blender","version":"2.79 (sub 0)","exporter_version":"5.6.2","file":"test.babylon"},
"autoClear":true,"clearColor":[0.0509,0.0509,0.0509],"ambientColor":[0,0,0],"gravity":[0,-9.81,0],
"materials":[{"name":"test.Test:High-poly:Eye_brown","id":"test.Test:High-poly:Eye_brown","ambient":[0.11,0.11,0.11],"diffuse":[1,1,1],"specular":[1,1,1],"emissive":[0,0,0],"specularPower":511,"alpha":1,"backFaceCulling":true,"checkReadyOnlyOnce":false,"maxSimultaneousLights":4, 
"diffuseTexture":{"name":"brown_eye.png","level":1,"hasAlpha":1,"coordinatesMode":0,"uOffset":0,"vOffset":0,"uScale":1,"vScale":1,"uAng":0,"vAng":0,"wAng":0,"wrapU":1,"wrapV":1,"coordinatesIndex":0}},
{"name":"test.Test:Body:Defaultskin","id":"test.Test:Body:Defaultskin","ambient":[0.0649,0.0484,0.0372],"diffuse":[0.5903,0.44,0.338],"specular":[0.3,0.3,0.3],"emissive":[0,0,0],"specularPower":491,"alpha":1,"backFaceCulling":true,"checkReadyOnlyOnce":false,"maxSimultaneousLights":4}],
"multiMaterials":[],
"skeletons":[{"name":"Test","id":0,"dimensionsAtRest":[10.4171,16.6312,3.5904],"bones":[
{"name":"Root","index":0,"matrix":[0,1,0,0,0,0,-1,0,1,0,0,0,0,0,0.2675,1],"rest":[0,1,0,0,0,0,-1,0,1,0,0,0,0,0,0.2675,1],"parentBoneIndex":-1,"length":0.5349},
{"name":"pelvis","index":1,"matrix":[0,0,1,0,0.8996,-0.4368,0,0,0.4368,0.8996,0,0,8.7429,0.3995,0,1],"rest":[0,0,1,0,0.8996,-0.4368,0,0,0.4368,0.8996,0,0,8.7429,0.3995,0,1],"parentBoneIndex":0,"length":0.8868},
{"name":"spine_01","index":2,"matrix":[1,0,0,0,0,0.7772,0.6293,0,0,-0.6293,0.7772,0,0,0.8868,0,1],"rest":[1,0,0,0,0,0.7772,0.6293,0,0,-0.6293,0.7772,0,0,0.8868,0,1],"parentBoneIndex":1,"length":0.6803},
{"name":"spine_02","index":3,"matrix":[1,0,0,0,0,0.9789,-0.2041,0,0,0.2041,0.9789,0,0,0.6803,0,1],"rest":[1,0,0,0,0,0.9789,-0.2041,0,0,0.2041,0.9789,0,0,0.6803,0,1],"parentBoneIndex":2,"length":0.7507},
{"name":"spine_03","index":4,"matrix":[1,0,0,0,0,0.9955,-0.0945,0,0,0.0945,0.9955,0,0,0.7507,0,1],"rest":[1,0,0,0,0,0.9955,-0.0945,0,0,0.0945,0.9955,0,0,0.7507,0,1],"parentBoneIndex":3,"length":1.4429},
{"name":"clavicle_l","index":5,"matrix":[-0.1507,-0.9886,-0.0038,0,0.9882,-0.1506,-0.0263,0,0.0255,-0.0077,0.9996,0,0.2274,2.4496,0.4764,1],"rest":[-0.1507,-0.9886,-0.0038,0,0.9882,-0.1506,-0.0263,0,0.0255,-0.0077,0.9996,0,0.2274,2.4496,0.4764,1],"parentBoneIndex":4,"length":1.4906},
{"name":"upperarm_l","index":6,"matrix":[0.7716,-0.6359,-0.017,0,0.6354,0.7717,-0.0272,0,0.0305,0.0102,0.9995,0,0,1.4906,0,1],"rest":[0.7716,-0.6359,-0.017,0,0.6354,0.7717,-0.0272,0,0.0305,0.0102,0.9995,0,0,1.4906,0,1],"parentBoneIndex":5,"length":2.4215},
{"name":"lowerarm_l","index":7,"matrix":[1,0.0058,-0.0003,0,-0.004,0.7311,0.6823,0,0.0041,-0.6823,0.7311,0,0,2.4215,0,1],"rest":[1,0.0058,-0.0003,0,-0.004,0.7311,0.6823,0,0.0041,-0.6823,0.7311,0,0,2.4215,0,1],"parentBoneIndex":6,"length":2.3861},
{"name":"hand_l","index":8,"matrix":[0.6507,0.0681,-0.7562,0,0.115,0.9756,0.1868,0,0.7505,-0.2085,0.6271,0,0,2.3862,0,1],"rest":[0.6507,0.0681,-0.7562,0,0.115,0.9756,0.1868,0,0.7505,-0.2085,0.6271,0,0,2.3862,0,1],"parentBoneIndex":7,"length":0.3224},
{"name":"index_01_l","index":9,"matrix":[0.553,0.1004,-0.8271,0,0.1122,0.9747,0.1933,0,0.8256,-0.1998,0.5278,0,-0.1276,1.0523,0.093,1],"rest":[0.553,0.1004,-0.8271,0,0.1122,0.9747,0.1933,0,0.8256,-0.1998,0.5278,0,-0.1276,1.0523,0.093,1],"parentBoneIndex":8,"length":0.2583},
{"name":"index_02_l","index":10,"matrix":[0.9999,0.0128,-0.0044,0,-0.0116,0.9763,0.2163,0,0.007,-0.2162,0.9763,0,-0.0001,0.2583,0,1],"rest":[0.9999,0.0128,-0.0044,0,-0.0116,0.9763,0.2163,0,0.007,-0.2162,0.9763,0,-0.0001,0.2583,0,1],"parentBoneIndex":9,"length":0.2308},
{"name":"index_03_l","index":11,"matrix":[0.9993,0.0374,0.0022,0,-0.0373,0.9913,0.1259,0,0.0026,-0.1259,0.992,0,0,0.2308,0,1],"rest":[0.9993,0.0374,0.0022,0,-0.0373,0.9913,0.1259,0,0.0026,-0.1259,0.992,0,0,0.2308,0,1],"parentBoneIndex":10,"length":0.2699},
{"name":"middle_01_l","index":12,"matrix":[0.6239,-0.1912,-0.7578,0,0.3564,0.9325,0.0582,0,0.6955,-0.3064,0.6499,0,0.0327,1.0152,-0.1143,1],"rest":[0.6239,-0.1912,-0.7578,0,0.3564,0.9325,0.0582,0,0.6955,-0.3064,0.6499,0,0.0327,1.0152,-0.1143,1],"parentBoneIndex":8,"length":0.3382},
{"name":"middle_02_l","index":13,"matrix":[0.9973,0.0731,0.0005,0,-0.0729,0.993,0.0929,0,0.0062,-0.0927,0.9957,0,0,0.3382,0,1],"rest":[0.9973,0.0731,0.0005,0,-0.0729,0.993,0.0929,0,0.0062,-0.0927,0.9957,0,0,0.3382,0,1],"parentBoneIndex":12,"length":0.2761},
{"name":"middle_03_l","index":14,"matrix":[0.9999,-0.0118,-0.0008,0,0.0118,0.9906,0.1362,0,-0.0008,-0.1362,0.9907,0,0,0.2761,0,1],"rest":[0.9999,-0.0118,-0.0008,0,0.0118,0.9906,0.1362,0,-0.0008,-0.1362,0.9907,0,0,0.2761,0,1],"parentBoneIndex":13,"length":0.2698},
{"name":"pinky_01_l","index":15,"matrix":[0.6509,-0.5233,-0.5499,0,0.5814,0.8095,-0.0822,0,0.4881,-0.2663,0.8312,0,0.3374,0.8298,-0.3153,1],"rest":[0.6509,-0.5233,-0.5499,0,0.5814,0.8095,-0.0822,0,0.4881,-0.2663,0.8312,0,0.3374,0.8298,-0.3153,1],"parentBoneIndex":8,"length":0.2129},
{"name":"pinky_02_l","index":16,"matrix":[0.9988,0.0497,0.002,0,-0.0494,0.9856,0.1615,0,0.006,-0.1614,0.9869,0,0,0.2129,0,1],"rest":[0.9988,0.0497,0.002,0,-0.0494,0.9856,0.1615,0,0.006,-0.1614,0.9869,0,0,0.2129,0,1],"parentBoneIndex":15,"length":0.1561},
{"name":"pinky_03_l","index":17,"matrix":[0.9997,-0.0226,0.0002,0,0.0226,0.9996,-0.0178,0,0.0002,0.0178,0.9998,0,0,0.1561,-0.0001,1],"rest":[0.9997,-0.0226,0.0002,0,0.0226,0.9996,-0.0178,0,0.0002,0.0178,0.9998,0,0,0.1561,-0.0001,1],"parentBoneIndex":16,"length":0.1986},
{"name":"ring_01_l","index":18,"matrix":[0.6001,-0.37,-0.7093,0,0.4559,0.8867,-0.0769,0,0.6574,-0.2772,0.7007,0,0.1717,0.9391,-0.2394,1],"rest":[0.6001,-0.37,-0.7093,0,0.4559,0.8867,-0.0769,0,0.6574,-0.2772,0.7007,0,0.1717,0.9391,-0.2394,1],"parentBoneIndex":8,"length":0.2972},
{"name":"ring_02_l","index":19,"matrix":[0.9963,0.086,0.003,0,-0.0858,0.9893,0.1181,0,0.0072,-0.118,0.993,0,0,0.2972,-0.0001,1],"rest":[0.9963,0.086,0.003,0,-0.0858,0.9893,0.1181,0,0.0072,-0.118,0.993,0,0,0.2972,-0.0001,1],"parentBoneIndex":18,"length":0.248},
{"name":"ring_03_l","index":20,"matrix":[0.9988,-0.0491,-0.0028,0,0.049,0.9916,0.12,0,-0.0031,-0.12,0.9928,0,0,0.248,0.0001,1],"rest":[0.9988,-0.0491,-0.0028,0,0.049,0.9916,0.12,0,-0.0031,-0.12,0.9928,0,0,0.248,0.0001,1],"parentBoneIndex":19,"length":0.2671},
{"name":"thumb_01_l","index":21,"matrix":[-0.4436,0.7957,-0.4123,0,0.0025,0.4612,0.8873,0,0.8962,0.3926,-0.2066,0,-0.1441,0.3948,0.1468,1],"rest":[-0.4436,0.7957,-0.4123,0,0.0025,0.4612,0.8873,0,0.8962,0.3926,-0.2066,0,-0.1441,0.3948,0.1468,1],"parentBoneIndex":8,"length":0.3085},
{"name":"thumb_02_l","index":22,"matrix":[0.9314,-0.3639,0.0094,0,0.3591,0.9227,0.1406,0,-0.0598,-0.1275,0.99,0,0.0001,0.3086,0,1],"rest":[0.9314,-0.3639,0.0094,0,0.3591,0.9227,0.1406,0,-0.0598,-0.1275,0.99,0,0.0001,0.3086,0,1],"parentBoneIndex":21,"length":0.362},
{"name":"thumb_03_l","index":23,"matrix":[0.9978,-0.0666,0,0,0.0639,0.9569,0.2832,0,-0.0189,-0.2825,0.9591,0,0,0.362,0,1],"rest":[0.9978,-0.0666,0,0,0.0639,0.9569,0.2832,0,-0.0189,-0.2825,0.9591,0,0,0.362,0,1],"parentBoneIndex":22,"length":0.2805},
{"name":"clavicle_r","index":24,"matrix":[-0.1507,0.9886,0.0038,0,-0.9882,-0.1506,-0.0263,0,-0.0255,-0.0077,0.9996,0,-0.2274,2.4496,0.4764,1],"rest":[-0.1507,0.9886,0.0038,0,-0.9882,-0.1506,-0.0263,0,-0.0255,-0.0077,0.9996,0,-0.2274,2.4496,0.4764,1],"parentBoneIndex":4,"length":1.4906},
{"name":"upperarm_r","index":25,"matrix":[0.7716,0.6359,0.017,0,-0.6354,0.7717,-0.0272,0,-0.0305,0.0102,0.9995,0,0,1.4906,0,1],"rest":[0.7716,0.6359,0.017,0,-0.6354,0.7717,-0.0272,0,-0.0305,0.0102,0.9995,0,0,1.4906,0,1],"parentBoneIndex":24,"length":2.4215},
{"name":"lowerarm_r","index":26,"matrix":[1,-0.0058,0.0003,0,0.004,0.7311,0.6823,0,-0.0041,-0.6823,0.7311,0,0,2.4215,0,1],"rest":[1,-0.0058,0.0003,0,0.004,0.7311,0.6823,0,-0.0041,-0.6823,0.7311,0,0,2.4215,0,1],"parentBoneIndex":25,"length":2.3861},
{"name":"hand_r","index":27,"matrix":[0.6507,-0.0681,0.7562,0,-0.115,0.9756,0.1868,0,-0.7505,-0.2085,0.6271,0,0,2.3862,0,1],"rest":[0.6507,-0.0681,0.7562,0,-0.115,0.9756,0.1868,0,-0.7505,-0.2085,0.6271,0,0,2.3862,0,1],"parentBoneIndex":26,"length":0.3224},
{"name":"index_01_r","index":28,"matrix":[0.553,-0.1004,0.8271,0,-0.1122,0.9747,0.1933,0,-0.8256,-0.1998,0.5278,0,0.1276,1.0523,0.093,1],"rest":[0.553,-0.1004,0.8271,0,-0.1122,0.9747,0.1933,0,-0.8256,-0.1998,0.5278,0,0.1276,1.0523,0.093,1],"parentBoneIndex":27,"length":0.2583},
{"name":"index_02_r","index":29,"matrix":[0.9999,-0.0128,0.0044,0,0.0116,0.9763,0.2163,0,-0.007,-0.2162,0.9763,0,0.0001,0.2583,0,1],"rest":[0.9999,-0.0128,0.0044,0,0.0116,0.9763,0.2163,0,-0.007,-0.2162,0.9763,0,0.0001,0.2583,0,1],"parentBoneIndex":28,"length":0.2308},
{"name":"index_03_r","index":30,"matrix":[0.9993,-0.0374,-0.0022,0,0.0373,0.9913,0.1259,0,-0.0026,-0.1259,0.992,0,0,0.2308,0,1],"rest":[0.9993,-0.0374,-0.0022,0,0.0373,0.9913,0.1259,0,-0.0026,-0.1259,0.992,0,0,0.2308,0,1],"parentBoneIndex":29,"length":0.2699},
{"name":"middle_01_r","index":31,"matrix":[0.6239,0.1912,0.7578,0,-0.3564,0.9325,0.0582,0,-0.6955,-0.3064,0.6499,0,-0.0327,1.0152,-0.1143,1],"rest":[0.6239,0.1912,0.7578,0,-0.3564,0.9325,0.0582,0,-0.6955,-0.3064,0.6499,0,-0.0327,1.0152,-0.1143,1],"parentBoneIndex":27,"length":0.3382},
{"name":"middle_02_r","index":32,"matrix":[0.9973,-0.0731,-0.0005,0,0.0729,0.993,0.0929,0,-0.0062,-0.0927,0.9957,0,0,0.3382,0,1],"rest":[0.9973,-0.0731,-0.0005,0,0.0729,0.993,0.0929,0,-0.0062,-0.0927,0.9957,0,0,0.3382,0,1],"parentBoneIndex":31,"length":0.2761},
{"name":"middle_03_r","index":33,"matrix":[0.9999,0.0118,0.0008,0,-0.0118,0.9906,0.1362,0,0.0008,-0.1362,0.9907,0,0,0.2761,0,1],"rest":[0.9999,0.0118,0.0008,0,-0.0118,0.9906,0.1362,0,0.0008,-0.1362,0.9907,0,0,0.2761,0,1],"parentBoneIndex":32,"length":0.2698},
{"name":"pinky_01_r","index":34,"matrix":[0.6509,0.5233,0.5499,0,-0.5814,0.8095,-0.0822,0,-0.4881,-0.2663,0.8312,0,-0.3374,0.8298,-0.3153,1],"rest":[0.6509,0.5233,0.5499,0,-0.5814,0.8095,-0.0822,0,-0.4881,-0.2663,0.8312,0,-0.3374,0.8298,-0.3153,1],"parentBoneIndex":27,"length":0.2129},
{"name":"pinky_02_r","index":35,"matrix":[0.9988,-0.0497,-0.002,0,0.0494,0.9856,0.1615,0,-0.006,-0.1614,0.9869,0,0,0.2129,0,1],"rest":[0.9988,-0.0497,-0.002,0,0.0494,0.9856,0.1615,0,-0.006,-0.1614,0.9869,0,0,0.2129,0,1],"parentBoneIndex":34,"length":0.1561},
{"name":"pinky_03_r","index":36,"matrix":[0.9997,0.0226,-0.0002,0,-0.0226,0.9996,-0.0178,0,-0.0002,0.0178,0.9998,0,0,0.1561,-0.0001,1],"rest":[0.9997,0.0226,-0.0002,0,-0.0226,0.9996,-0.0178,0,-0.0002,0.0178,0.9998,0,0,0.1561,-0.0001,1],"parentBoneIndex":35,"length":0.1986},
{"name":"ring_01_r","index":37,"matrix":[0.6001,0.37,0.7093,0,-0.4558,0.8867,-0.0769,0,-0.6574,-0.2772,0.7007,0,-0.1717,0.9391,-0.2394,1],"rest":[0.6001,0.37,0.7093,0,-0.4559,0.8867,-0.0769,0,-0.6574,-0.2772,0.7007,0,-0.1717,0.9391,-0.2394,1],"parentBoneIndex":27,"length":0.2972},
{"name":"ring_02_r","index":38,"matrix":[0.9963,-0.086,-0.003,0,0.0858,0.9893,0.1181,0,-0.0072,-0.118,0.993,0,0,0.2972,-0.0001,1],"rest":[0.9963,-0.086,-0.003,0,0.0858,0.9893,0.1181,0,-0.0072,-0.118,0.993,0,0,0.2972,-0.0001,1],"parentBoneIndex":37,"length":0.248},
{"name":"ring_03_r","index":39,"matrix":[0.9988,0.0491,0.0028,0,-0.049,0.9916,0.12,0,0.0031,-0.12,0.9928,0,0,0.248,0.0001,1],"rest":[0.9988,0.0491,0.0028,0,-0.049,0.9916,0.12,0,0.0031,-0.12,0.9928,0,0,0.248,0.0001,1],"parentBoneIndex":38,"length":0.2671},
{"name":"thumb_01_r","index":40,"matrix":[-0.4436,-0.7957,0.4123,0,-0.0025,0.4612,0.8873,0,-0.8962,0.3926,-0.2066,0,0.1441,0.3948,0.1468,1],"rest":[-0.4436,-0.7957,0.4123,0,-0.0025,0.4612,0.8873,0,-0.8962,0.3926,-0.2066,0,0.1441,0.3948,0.1468,1],"parentBoneIndex":27,"length":0.3085},
{"name":"thumb_02_r","index":41,"matrix":[0.9314,0.3639,-0.0094,0,-0.3591,0.9227,0.1406,0,0.0598,-0.1275,0.99,0,-0.0001,0.3086,0,1],"rest":[0.9314,0.3639,-0.0094,0,-0.3591,0.9227,0.1406,0,0.0598,-0.1275,0.99,0,-0.0001,0.3086,0,1],"parentBoneIndex":40,"length":0.362},
{"name":"thumb_03_r","index":42,"matrix":[0.9978,0.0666,0,0,-0.0639,0.9569,0.2832,0,0.0189,-0.2825,0.9591,0,0,0.362,0,1],"rest":[0.9978,0.0666,0,0,-0.0639,0.9569,0.2832,0,0.0189,-0.2825,0.9591,0,0,0.362,0,1],"parentBoneIndex":41,"length":0.2805},
{"name":"neck_01","index":43,"matrix":[1,0,0,0,0,0.9039,0.4278,0,0,-0.4278,0.9039,0,0,3.1712,0.3627,1],"rest":[1,0,0,0,0,0.9039,0.4278,0,0,-0.4278,0.9039,0,0,3.1712,0.3627,1],"parentBoneIndex":4,"length":1.0821},
{"name":"head","index":44,"matrix":[1,0,0,0,0,0.9142,-0.4053,0,0,0.4053,0.9142,0,0,1.0821,0,1],"rest":[1,0,0,0,0,0.9142,-0.4053,0,0,0.4053,0.9142,0,0,1.0821,0,1],"parentBoneIndex":43,"length":1.4814},
{"name":"thigh_l","index":45,"matrix":[0.8916,0.247,-0.3794,0,0.1042,-0.9275,-0.3589,0,-0.4406,0.2805,-0.8528,0,1.0138,-0.0366,-0.1097,1],"rest":[0.8916,0.247,-0.3794,0,0.1042,-0.9275,-0.3589,0,-0.4406,0.2805,-0.8528,0,1.0138,-0.0366,-0.1097,1],"parentBoneIndex":1,"length":3.9444},
{"name":"calf_l","index":46,"matrix":[0.8923,0.0112,-0.4513,0,0.0434,0.9929,0.1105,0,0.4493,-0.1181,0.8855,0,0,3.9444,0,1],"rest":[0.8923,0.0112,-0.4513,0,0.0434,0.9929,0.1105,0,0.4493,-0.1181,0.8855,0,0,3.9444,0,1],"parentBoneIndex":45,"length":4.076},
{"name":"foot_l","index":47,"matrix":[1,0,0,0,0,0.4272,-0.9042,0,0,0.9042,0.4272,0,0,4.076,0,1],"rest":[1,0,0,0,0,0.4272,-0.9042,0,0,0.9042,0.4272,0,0,4.076,0,1],"parentBoneIndex":46,"length":1.3151},
{"name":"ball_l","index":48,"matrix":[0.998,0.0418,-0.0471,0,-0.0598,0.8613,-0.5045,0,0.0195,0.5064,0.8621,0,0,1.3151,0,1],"rest":[0.998,0.0418,-0.0471,0,-0.0598,0.8613,-0.5045,0,0.0195,0.5064,0.8621,0,0,1.3151,0,1],"parentBoneIndex":47,"length":0.6619},
{"name":"thigh_r","index":49,"matrix":[0.8916,-0.247,0.3794,0,-0.1042,-0.9275,-0.3589,0,0.4406,0.2805,-0.8528,0,-1.0138,-0.0366,-0.1097,1],"rest":[0.8916,-0.247,0.3794,0,-0.1042,-0.9275,-0.3589,0,0.4406,0.2805,-0.8528,0,-1.0138,-0.0366,-0.1097,1],"parentBoneIndex":1,"length":3.9444},
{"name":"calf_r","index":50,"matrix":[0.8923,-0.0112,0.4513,0,-0.0434,0.9929,0.1105,0,-0.4493,-0.1181,0.8855,0,0,3.9444,0,1],"rest":[0.8923,-0.0112,0.4513,0,-0.0434,0.9929,0.1105,0,-0.4493,-0.1181,0.8855,0,0,3.9444,0,1],"parentBoneIndex":49,"length":4.076},
{"name":"foot_r","index":51,"matrix":[1,0,0,0,0,0.4272,-0.9042,0,0,0.9042,0.4272,0,0,4.076,0,1],"rest":[1,0,0,0,0,0.4272,-0.9042,0,0,0.9042,0.4272,0,0,4.076,0,1],"parentBoneIndex":50,"length":1.3151},
{"name":"ball_r","index":52,"matrix":[0.998,-0.0418,0.0471,0,0.0598,0.8613,-0.5045,0,-0.0195,0.5064,0.8621,0,0,1.3151,0,1],"rest":[0.998,-0.0418,0.0471,0,0.0598,0.8613,-0.5045,0,-0.0195,0.5064,0.8621,0,0,1.3151,0,1],"parentBoneIndex":51,"length":0.6619}]}],
"meshes":[{"name":"Test:High-poly","id":"Test:High-poly","materialId":"test.Test:High-poly:Eye_brown","billboardMode":0,"position":[0,0,0],"rotation":[0,0,0],"scaling":[1,1,1],"isVisible":true,"freezeWorldMatrix":false,"isEnabled":true,"checkCollisions":false,"receiveShadows":false,"pickable":true,"tags":"","skeletonId":0,"numBoneInfluencers":1
,"positions":[0.1394,15.5384,-1.218,0.1401,15.5866,-1.1912,0.1346,15.5398,-1.1889,0.2564,15.532,-1.3364,0.2491,15.5467,-1.3312,0.2465,15.5323,-1.3304,0.1419,15.5871,-1.1607,0.1364,15.5411,-1.1589,0.2412,15.5325,-1.3257,0.2127,15.5593,-1.3155,0.2083,15.5332,-1.3136,0.1476,15.5856,-1.1307,0.1423,15.5424,-1.129,0.1892,15.5673,-1.2979,0.1842,15.5341,-1.2956,0.1698,15.5744,-1.2748,0.1643,15.5355,-1.2719
,0.1542,15.5798,-1.2497,0.1487,15.5366,-1.2471,0.1452,15.5842,-1.2207,0.1888,15.6078,-1.2745,0.1758,15.6169,-1.2498,0.1676,15.6229,-1.2207,0.1635,15.6266,-1.1921,0.2586,15.5438,-1.337,0.2564,15.5598,-1.3311,0.1645,15.6257,-1.1613,0.244,15.5482,-1.3266,0.2253,15.5819,-1.3155,0.1693,15.6226,-1.1314,0.2056,15.5961,-1.2978,0.2642,15.5544,-1.3372,0.2677,15.5704,-1.331,0.1984,15.66,-1.1915
,0.1993,15.6589,-1.1613,0.2522,15.5628,-1.3265,0.2452,15.6005,-1.315,0.202,15.654,-1.1313,0.2305,15.6196,-1.2978,0.2183,15.6357,-1.2745,0.2086,15.648,-1.2496,0.2025,15.6559,-1.2206,0.2473,15.6685,-1.2494,0.2429,15.6773,-1.2203,0.2403,15.6822,-1.1909,0.2735,15.5628,-1.3369,0.2815,15.577,-1.3307,0.2396,15.6804,-1.1602,0.2646,15.5745,-1.3263,0.2689,15.6123,-1.3151,0.2406,15.6746,-1.1304
,0.2605,15.635,-1.2978,0.253,15.6537,-1.2745,0.2876,15.6855,-1.1581,0.286,15.6795,-1.1282,0.2949,15.6395,-1.2951,0.2936,15.6588,-1.2716,0.2927,15.6735,-1.2469,0.2908,15.6827,-1.2174,0.2894,15.6875,-1.1888,0.2968,15.57,-1.336,0.2969,15.5793,-1.3299,0.2801,15.5819,-1.3259,0.2957,15.6162,-1.313,0.3384,15.6821,-1.186,0.3094,15.5681,-1.3355,0.3124,15.577,-1.3294,0.3358,15.6803,-1.1553
,0.297,15.5844,-1.3251,0.3231,15.6123,-1.3121,0.3314,15.6746,-1.1253,0.3293,15.6351,-1.2938,0.3346,15.6537,-1.2705,0.3383,15.6684,-1.2453,0.3392,15.6772,-1.2156,0.3691,15.6356,-1.267,0.3767,15.6481,-1.2419,0.3796,15.656,-1.2123,0.3803,15.66,-1.183,0.3202,15.5628,-1.3346,0.3259,15.5704,-1.3281,0.3763,15.659,-1.1525,0.329,15.5743,-1.3231,0.3467,15.6005,-1.3098,0.3698,15.6541,-1.1227
,0.3593,15.6197,-1.2909,0.402,15.623,-1.1194,0.366,15.5818,-1.308,0.3846,15.5959,-1.2882,0.3987,15.6077,-1.2639,0.4092,15.6172,-1.2381,0.414,15.6229,-1.2083,0.4153,15.6267,-1.1789,0.3289,15.5543,-1.3338,0.3368,15.5599,-1.327,0.4104,15.626,-1.1489,0.3409,15.5628,-1.322,0.4366,15.5843,-1.2056,0.4385,15.5867,-1.1756,0.3345,15.5438,-1.3331,0.3436,15.5467,-1.3262,0.433,15.5874,-1.1457
,0.3485,15.5482,-1.3211,0.3787,15.5589,-1.3067,0.4233,15.5861,-1.1163,0.4012,15.567,-1.2865,0.4177,15.5743,-1.2619,0.4307,15.58,-1.2353,0.4351,15.5366,-1.2325,0.4416,15.5382,-1.2028,0.4437,15.5396,-1.1732,0.3363,15.5319,-1.3322,0.3457,15.5321,-1.3252,0.4382,15.5412,-1.1436,0.3822,15.5332,-1.3046,0.4283,15.5428,-1.1144,0.405,15.534,-1.284,0.422,15.5355,-1.2587,0.423,15.4995,-1.1117
,0.4005,15.5007,-1.2831,0.4168,15.4963,-1.2576,0.4296,15.4931,-1.2304,0.4358,15.4921,-1.2006,0.438,15.4926,-1.1706,0.3433,15.5175,-1.3246,0.4326,15.4951,-1.1408,0.3508,15.5322,-1.3198,0.3782,15.507,-1.304,0.4145,15.4523,-1.1706,0.3344,15.5198,-1.3316,0.3364,15.5044,-1.3241,0.4098,15.456,-1.1409,0.3483,15.5161,-1.3192,0.3654,15.4845,-1.3033,0.4015,15.462,-1.1118,0.3837,15.472,-1.2823
,0.3976,15.4629,-1.2567,0.408,15.456,-1.2299,0.4129,15.4529,-1.2002,0.3678,15.4348,-1.2571,0.3754,15.4246,-1.2304,0.3784,15.4197,-1.2008,0.3791,15.4182,-1.171,0.3287,15.5097,-1.3314,0.3254,15.4937,-1.3243,0.3751,15.4224,-1.1414,0.3404,15.5017,-1.3187,0.3458,15.4657,-1.3034,0.3687,15.4304,-1.1122,0.3583,15.448,-1.2826,0.3372,15.3958,-1.1718,0.3346,15.4007,-1.142,0.3286,15.4901,-1.3189
,0.3222,15.4537,-1.3045,0.3301,15.4097,-1.1127,0.3281,15.4323,-1.2839,0.3334,15.4164,-1.2587,0.337,15.4039,-1.2316,0.338,15.3979,-1.2019,0.3198,15.5011,-1.3315,0.3118,15.4873,-1.3251,0.2897,15.3926,-1.2043,0.2882,15.39,-1.1746,0.309,15.4959,-1.3322,0.2964,15.4852,-1.3254,0.2865,15.3953,-1.1451,0.3133,15.4826,-1.3196,0.2947,15.4503,-1.3051,0.2848,15.4045,-1.1157,0.2937,15.4285,-1.2851
,0.2924,15.4114,-1.26,0.2914,15.399,-1.2339,0.2591,15.4327,-1.288,0.2517,15.4166,-1.2634,0.246,15.4039,-1.2368,0.2417,15.3977,-1.2072,0.2392,15.3952,-1.177,0.2964,15.4941,-1.3329,0.2809,15.4875,-1.3264,0.2384,15.4004,-1.1472,0.2794,15.4829,-1.3211,0.2679,15.454,-1.3076,0.2393,15.4095,-1.1178,0.1976,15.4178,-1.1801,0.1984,15.4223,-1.1502,0.2639,15.4904,-1.3221,0.2441,15.466,-1.3087
,0.2009,15.4304,-1.121,0.2292,15.4483,-1.2896,0.2171,15.435,-1.2651,0.2074,15.4246,-1.2393,0.2015,15.4197,-1.2097,0.2731,15.501,-1.3339,0.267,15.4942,-1.3273,0.1748,15.456,-1.2424,0.1669,15.4529,-1.2129,0.1629,15.4521,-1.1834,0.2637,15.5098,-1.335,0.2559,15.5047,-1.3284,0.1639,15.4558,-1.1536,0.2515,15.5019,-1.3234,0.2242,15.4847,-1.3108,0.1685,15.4617,-1.1241,0.2042,15.472,-1.2919
,0.1876,15.4629,-1.2679,0.1881,15.5006,-1.2945,0.1688,15.4962,-1.2708,0.1534,15.4932,-1.2453,0.1447,15.4922,-1.2159,0.1398,15.4929,-1.1861,0.2584,15.52,-1.3357,0.2487,15.5176,-1.3296,0.1415,15.4951,-1.156,0.2436,15.5164,-1.3249,0.2119,15.5073,-1.3128,0.147,15.4992,-1.1265,0.1398,15.4929,-1.1861,0.1364,15.5411,-1.1589,0.1415,15.4951,-1.156,0.1398,15.4929,-1.1861,0.1394,15.5384,-1.218
,0.1346,15.5398,-1.1889,0.2564,15.532,-1.3364,0.2487,15.5176,-1.3296,0.2584,15.52,-1.3357,0.3146,15.5403,-1.3423,0.3135,15.5562,-1.3397,0.3057,15.549,-1.3433,0.3274,15.539,-1.3374,0.3222,15.5318,-1.3398,0.2876,15.5491,-1.3444,0.2893,15.5611,-1.3406,0.2799,15.556,-1.3415,0.2658,15.539,-1.3406,0.2786,15.5405,-1.3444,0.2712,15.5478,-1.3414,0.3306,15.5318,-1.3355,0.2963,15.5074,-1.3404
,0.2963,15.4995,-1.3363,0.3039,15.5025,-1.3371,0.2711,15.5318,-1.3427,0.2624,15.5317,-1.3391,0.2658,15.5245,-1.3397,0.2786,15.5231,-1.3433,0.271,15.5155,-1.3397,0.2795,15.5075,-1.3392,0.2873,15.5147,-1.3426,0.2887,15.5025,-1.3382,0.2966,15.5229,-1.3443,0.2872,15.5318,-1.3454,0.2966,15.5407,-1.3454,0.3056,15.5147,-1.3414,0.3059,15.5318,-1.3443,0.2967,15.5561,-1.3428,0.2968,15.5643,-1.3389
,0.3146,15.5229,-1.3412,0.3274,15.5245,-1.3364,0.3133,15.5076,-1.3372,0.2844,15.5681,-1.3369,0.2837,15.496,-1.3337,0.3221,15.5156,-1.3368,0.3221,15.5478,-1.3387,0.3043,15.5612,-1.3397,0.3139,15.5819,-1.3244,0.2964,15.4804,-1.3199,0.1433,15.5384,-1.2173,0.1441,15.585,-1.1911,0.1387,15.5398,-1.1888,0.2595,15.5319,-1.3165,0.2701,15.5385,-1.3131,0.2613,15.5419,-1.3172,0.1456,15.5854,-1.1614
,0.1403,15.541,-1.1596,0.2385,15.5325,-1.3213,0.2516,15.5456,-1.3213,0.2413,15.5488,-1.3226,0.1511,15.5839,-1.1325,0.146,15.5424,-1.1309,0.2109,15.5331,-1.3131,0.1919,15.5659,-1.297,0.1872,15.5341,-1.2947,0.1728,15.5728,-1.2726,0.1676,15.5357,-1.2698,0.1575,15.5782,-1.2477,0.1522,15.5366,-1.2453,0.1489,15.5826,-1.2199,0.1917,15.6062,-1.2724,0.1789,15.6151,-1.248,0.171,15.6208,-1.2199
,0.1669,15.6244,-1.1918,0.2748,15.5467,-1.3136,0.2671,15.5524,-1.3175,0.1679,15.6236,-1.1622,0.2502,15.5644,-1.3225,0.1725,15.6208,-1.1333,0.2151,15.5583,-1.3149,0.2081,15.5945,-1.297,0.2749,15.56,-1.3176,0.2007,15.6566,-1.1916,0.2014,15.6555,-1.1621,0.2588,15.5583,-1.3216,0.263,15.5763,-1.3222,0.2041,15.6508,-1.1333,0.2273,15.5805,-1.3149,0.2321,15.6172,-1.297,0.22,15.6328,-1.2724
,0.2104,15.6449,-1.2477,0.2046,15.6527,-1.2198,0.2489,15.6651,-1.2474,0.2446,15.6737,-1.2195,0.242,15.6783,-1.1905,0.2826,15.5503,-1.3133,0.2862,15.5652,-1.317,0.2413,15.6764,-1.1609,0.2692,15.5679,-1.3214,0.2795,15.5844,-1.3218,0.2424,15.6711,-1.1322,0.2467,15.5985,-1.3145,0.2617,15.6323,-1.2969,0.2546,15.6506,-1.2723,0.2876,15.6815,-1.159,0.2861,15.6758,-1.1302,0.2698,15.6099,-1.3145
,0.2949,15.6365,-1.2943,0.2939,15.6555,-1.2698,0.2927,15.67,-1.2451,0.2908,15.6787,-1.2166,0.2894,15.6834,-1.1886,0.2969,15.557,-1.3129,0.297,15.5668,-1.3163,0.2829,15.5746,-1.321,0.297,15.5868,-1.3207,0.3366,15.6783,-1.1858,0.3076,15.5652,-1.316,0.334,15.6765,-1.1562,0.311,15.5743,-1.3196,0.3144,15.5844,-1.3203,0.3298,15.6712,-1.1275,0.3223,15.61,-1.3116,0.3281,15.6323,-1.2929
,0.3331,15.6505,-1.2685,0.3366,15.6652,-1.2435,0.3374,15.6737,-1.215,0.3673,15.633,-1.2649,0.3748,15.645,-1.2399,0.3775,15.6527,-1.2115,0.3779,15.6566,-1.1825,0.3108,15.5503,-1.3116,0.3185,15.56,-1.315,0.3742,15.6556,-1.1532,0.3244,15.568,-1.3186,0.3304,15.5764,-1.3189,0.368,15.6509,-1.1246,0.3453,15.5984,-1.3094,0.3578,15.6171,-1.29,0.399,15.6211,-1.1214,0.3639,15.5802,-1.3076
,0.3821,15.5942,-1.2875,0.3959,15.6058,-1.2619,0.4061,15.6151,-1.2363,0.4107,15.6208,-1.2077,0.4119,15.6245,-1.1789,0.3184,15.5469,-1.3107,0.3262,15.5525,-1.3141,0.4071,15.6238,-1.1498,0.3343,15.5583,-1.3175,0.3426,15.5643,-1.3177,0.4328,15.5827,-1.2047,0.4348,15.585,-1.1754,0.3316,15.5419,-1.3129,0.4293,15.5856,-1.1463,0.341,15.5455,-1.3163,0.351,15.5488,-1.3165,0.4199,15.5845,-1.1181
,0.3763,15.5581,-1.3064,0.3984,15.5658,-1.2857,0.4146,15.5729,-1.2597,0.4271,15.5784,-1.2333,0.4314,15.5367,-1.2305,0.4377,15.5383,-1.202,0.4396,15.5397,-1.1731,0.3229,15.5385,-1.3094,0.3333,15.5317,-1.312,0.4343,15.5412,-1.1444,0.3533,15.5323,-1.315,0.4247,15.5427,-1.1163,0.3797,15.533,-1.3042,0.402,15.5341,-1.2832,0.4187,15.5355,-1.2566,0.4288,15.4969,-1.1417,0.4197,15.501,-1.1137
,0.3978,15.5019,-1.2823,0.4137,15.4976,-1.2555,0.4261,15.4948,-1.2286,0.4321,15.4937,-1.2,0.4342,15.4944,-1.1706,0.3242,15.5317,-1.3089,0.3314,15.5216,-1.3117,0.3431,15.532,-1.3152,0.3507,15.5157,-1.3146,0.4111,15.4544,-1.1704,0.3228,15.5246,-1.3086,0.3259,15.5112,-1.3114,0.4065,15.4582,-1.1418,0.3408,15.5185,-1.3147,0.3423,15.5003,-1.3141,0.3984,15.4639,-1.1136,0.3758,15.5078,-1.3037
,0.3812,15.4736,-1.2815,0.3948,15.4647,-1.2546,0.4048,15.458,-1.228,0.4096,15.4551,-1.1994,0.366,15.4375,-1.255,0.3735,15.4278,-1.2285,0.3764,15.4232,-1.2,0.3769,15.4216,-1.1709,0.3182,15.5166,-1.3085,0.3181,15.5039,-1.3117,0.3731,15.4259,-1.1422,0.334,15.5057,-1.3145,0.33,15.4883,-1.3142,0.367,15.4336,-1.114,0.3633,15.4859,-1.303,0.3567,15.4505,-1.2817,0.3354,15.3996,-1.1718
,0.3328,15.4045,-1.1428,0.3239,15.4963,-1.3148,0.3137,15.4803,-1.3149,0.3285,15.4131,-1.1147,0.3214,15.4561,-1.3041,0.3269,15.4351,-1.2831,0.3319,15.4196,-1.2566,0.3353,15.4075,-1.2298,0.3362,15.4016,-1.2012,0.3106,15.513,-1.3097,0.307,15.4985,-1.3122,0.2896,15.3966,-1.2034,0.2882,15.3941,-1.1745,0.2962,15.5058,-1.3092,0.2963,15.4971,-1.3125,0.2865,15.3992,-1.1459,0.3105,15.4898,-1.3151
,0.2961,15.478,-1.3151,0.2848,15.4081,-1.1175,0.2935,15.4313,-1.2844,0.2924,15.4148,-1.2579,0.2914,15.4026,-1.2319,0.2604,15.4355,-1.287,0.2533,15.4197,-1.261,0.2476,15.4074,-1.2348,0.2435,15.4013,-1.2062,0.241,15.3992,-1.1768,0.2856,15.4988,-1.3131,0.2402,15.4041,-1.1478,0.2822,15.4899,-1.3165,0.2788,15.4806,-1.3165,0.2411,15.413,-1.1196,0.2688,15.4565,-1.3071,0.1999,15.4214,-1.18
,0.2005,15.4257,-1.1511,0.2685,15.4965,-1.3178,0.2623,15.4887,-1.3178,0.2029,15.4333,-1.1228,0.2456,15.4681,-1.3083,0.2308,15.4508,-1.2887,0.2187,15.4377,-1.263,0.2092,15.4278,-1.2375,0.2036,15.423,-1.2088,0.2823,15.5129,-1.3113,0.2742,15.504,-1.3145,0.1778,15.4579,-1.2405,0.1702,15.455,-1.212,0.1663,15.4544,-1.1832,0.2744,15.5166,-1.3115,0.2668,15.5114,-1.3149,0.1673,15.4579,-1.1544
,0.2583,15.5061,-1.3187,0.2495,15.5006,-1.3191,0.1717,15.4638,-1.1259,0.2263,15.4861,-1.3103,0.2068,15.4737,-1.291,0.1904,15.4647,-1.2657,0.1909,15.5017,-1.2937,0.172,15.4977,-1.2688,0.1567,15.4948,-1.2435,0.1484,15.4938,-1.2152,0.1438,15.4946,-1.1861,0.2701,15.5245,-1.3122,0.2611,15.5217,-1.316,0.1453,15.4967,-1.1568,0.2512,15.5189,-1.3199,0.2408,15.5162,-1.3208,0.1505,15.5007,-1.1285
,0.2143,15.508,-1.3123,0.2493,15.5321,-1.3205,0.2687,15.5315,-1.3126,0.3054,15.5357,-1.3072,0.3056,15.5444,-1.3092,0.3011,15.5397,-1.3077,0.3138,15.5353,-1.3082,0.3096,15.5315,-1.3071,0.2922,15.5399,-1.3083,0.2925,15.5479,-1.3102,0.2875,15.5444,-1.3102,0.2794,15.5352,-1.3102,0.2877,15.5356,-1.3082,0.283,15.5402,-1.3102,0.3161,15.5315,-1.3082,0.2966,15.5192,-1.3071,0.2965,15.5131,-1.3085
,0.3006,15.5152,-1.3079,0.2837,15.5315,-1.3086,0.2772,15.5315,-1.3105,0.2794,15.5275,-1.3097,0.2877,15.5272,-1.3076,0.283,15.5227,-1.3091,0.2875,15.5185,-1.3087,0.2921,15.523,-1.3072,0.2924,15.5152,-1.3085,0.2966,15.5272,-1.3067,0.2921,15.5314,-1.3071,0.2966,15.5356,-1.3072,0.3011,15.5229,-1.3067,0.301,15.5315,-1.3067,0.3054,15.5272,-1.3066,0.2966,15.5437,-1.3086,0.2966,15.5501,-1.3105
,0.3138,15.5275,-1.3078,0.3056,15.5186,-1.3076,0.2895,15.5539,-1.313,0.289,15.5095,-1.3108,0.3037,15.5094,-1.31,0.3102,15.5228,-1.3075,0.3102,15.5402,-1.3087,0.3039,15.554,-1.3121,0.3007,15.5478,-1.3097,0.2969,15.5764,-1.3199,0.2964,15.4877,-1.3154,0.2961,15.6137,-1.3127,0.3446,15.4679,-1.3032,0.2951,15.4527,-1.3051,-0.1401,15.5866,-1.1912,-0.1394,15.5384,-1.218,-0.1346,15.5398,-1.1889
,-0.2491,15.5467,-1.3312,-0.2564,15.532,-1.3364,-0.2465,15.5323,-1.3304,-0.1419,15.5871,-1.1607,-0.1364,15.5411,-1.1589,-0.2127,15.5593,-1.3155,-0.2412,15.5325,-1.3257,-0.2083,15.5332,-1.3136,-0.1476,15.5856,-1.1307,-0.1423,15.5424,-1.129,-0.1892,15.5673,-1.2979,-0.1842,15.5341,-1.2956,-0.1698,15.5744,-1.2748,-0.1643,15.5355,-1.2719,-0.1542,15.5798,-1.2497,-0.1487,15.5366,-1.2471,-0.1888,15.6078,-1.2745
,-0.1758,15.6169,-1.2498,-0.1452,15.5842,-1.2207,-0.1676,15.6229,-1.2207,-0.2564,15.5598,-1.3311,-0.2586,15.5438,-1.337,-0.1635,15.6266,-1.1921,-0.2253,15.5819,-1.3155,-0.244,15.5482,-1.3266,-0.1645,15.6257,-1.1613,-0.2056,15.5961,-1.2978,-0.2677,15.5704,-1.331,-0.2642,15.5544,-1.3372,-0.1984,15.66,-1.1915,-0.2452,15.6005,-1.315,-0.2522,15.5628,-1.3265,-0.1693,15.6226,-1.1314,-0.1993,15.6588,-1.1613
,-0.2305,15.6196,-1.2978,-0.2183,15.6357,-1.2745,-0.2086,15.648,-1.2496,-0.2025,15.6559,-1.2206,-0.2473,15.6685,-1.2494,-0.2429,15.6773,-1.2203,-0.2403,15.6822,-1.1909,-0.2815,15.577,-1.3307,-0.2735,15.5628,-1.3369,-0.2396,15.6804,-1.1602,-0.2689,15.6123,-1.3151,-0.2646,15.5745,-1.3263,-0.2406,15.6746,-1.1304,-0.202,15.654,-1.1313,-0.2605,15.635,-1.2978,-0.253,15.6537,-1.2745,-0.2876,15.6855,-1.1581
,-0.2949,15.6395,-1.2951,-0.2936,15.6588,-1.2716,-0.2908,15.6827,-1.2174,-0.2968,15.57,-1.336,-0.2844,15.5681,-1.3369,-0.2957,15.6162,-1.313,-0.2801,15.5819,-1.3259,-0.3384,15.6821,-1.186,-0.2894,15.6875,-1.1888,-0.297,15.5793,-1.33,-0.3094,15.5681,-1.3355,-0.3358,15.6803,-1.1553,-0.3231,15.6123,-1.3121,-0.297,15.5844,-1.3251,-0.3314,15.6746,-1.1253,-0.286,15.6795,-1.1282,-0.3293,15.6351,-1.2938
,-0.2927,15.6735,-1.2469,-0.3346,15.6537,-1.2705,-0.3392,15.6772,-1.2156,-0.3383,15.6684,-1.2453,-0.3691,15.6356,-1.267,-0.3796,15.656,-1.2123,-0.3803,15.66,-1.183,-0.3124,15.577,-1.3294,-0.3202,15.5628,-1.3346,-0.3763,15.659,-1.1525,-0.329,15.5743,-1.3231,-0.3139,15.5819,-1.3244,-0.3698,15.6541,-1.1227,-0.3467,15.6005,-1.3098,-0.3593,15.6197,-1.2909,-0.402,15.623,-1.1194,-0.366,15.5818,-1.308
,-0.3846,15.5959,-1.2882,-0.3767,15.6481,-1.2419,-0.3987,15.6077,-1.2639,-0.4092,15.6172,-1.2381,-0.414,15.6229,-1.2083,-0.3259,15.5704,-1.3281,-0.3289,15.5543,-1.3338,-0.4104,15.626,-1.1489,-0.3409,15.5628,-1.322,-0.4153,15.6267,-1.1789,-0.4366,15.5843,-1.2056,-0.3368,15.5599,-1.327,-0.3345,15.5438,-1.3331,-0.433,15.5874,-1.1457,-0.3485,15.5482,-1.3211,-0.4233,15.5861,-1.1163,-0.3787,15.5589,-1.3067
,-0.4012,15.567,-1.2865,-0.4177,15.5743,-1.2619,-0.4307,15.58,-1.2353,-0.4351,15.5366,-1.2325,-0.4416,15.5382,-1.2028,-0.4437,15.5396,-1.1732,-0.4385,15.5867,-1.1756,-0.3436,15.5467,-1.3262,-0.3363,15.5319,-1.3322,-0.4382,15.5412,-1.1436,-0.3822,15.5332,-1.3046,-0.422,15.5355,-1.2587,-0.423,15.4995,-1.1117,-0.4283,15.5428,-1.1144,-0.4005,15.5007,-1.2831,-0.405,15.534,-1.284,-0.4168,15.4963,-1.2576
,-0.4296,15.4931,-1.2304,-0.4358,15.4921,-1.2006,-0.3433,15.5175,-1.3246,-0.3457,15.5321,-1.3252,-0.438,15.4926,-1.1706,-0.3782,15.507,-1.304,-0.3508,15.5322,-1.3198,-0.4145,15.4523,-1.1706,-0.3364,15.5044,-1.3241,-0.3344,15.5198,-1.3316,-0.4098,15.456,-1.1409,-0.4326,15.4951,-1.1408,-0.3654,15.4845,-1.3033,-0.3483,15.5161,-1.3192,-0.4015,15.462,-1.1118,-0.3837,15.472,-1.2823,-0.3976,15.4629,-1.2567
,-0.408,15.456,-1.2299,-0.4129,15.453,-1.2002,-0.3678,15.4348,-1.2571,-0.3754,15.4246,-1.2304,-0.3784,15.4197,-1.2008,-0.3791,15.4182,-1.171,-0.3254,15.4937,-1.3243,-0.3287,15.5097,-1.3314,-0.3458,15.4657,-1.3034,-0.3404,15.5017,-1.3187,-0.3751,15.4224,-1.1414,-0.3583,15.448,-1.2826,-0.3372,15.3958,-1.1718,-0.3222,15.4537,-1.3045,-0.3286,15.4901,-1.3189,-0.3687,15.4304,-1.1122,-0.3346,15.4007,-1.142
,-0.3281,15.4322,-1.2839,-0.3334,15.4164,-1.2587,-0.337,15.4039,-1.2316,-0.338,15.3979,-1.2019,-0.3118,15.4873,-1.3251,-0.3198,15.5011,-1.3315,-0.2897,15.3926,-1.2043,-0.2882,15.39,-1.1746,-0.2964,15.4852,-1.3254,-0.309,15.4959,-1.3322,-0.2865,15.3953,-1.1451,-0.2947,15.4503,-1.3051,-0.3133,15.4826,-1.3196,-0.3301,15.4097,-1.1127,-0.2936,15.4284,-1.2851,-0.2924,15.4114,-1.26,-0.2914,15.399,-1.2339
,-0.2591,15.4328,-1.288,-0.246,15.4039,-1.2368,-0.2417,15.3977,-1.2072,-0.2809,15.4875,-1.3264,-0.2964,15.4941,-1.3329,-0.2392,15.3952,-1.177,-0.2794,15.4829,-1.3211,-0.2964,15.4804,-1.3199,-0.2848,15.4045,-1.1157,-0.2384,15.4004,-1.1472,-0.2679,15.454,-1.3076,-0.1976,15.4178,-1.1801,-0.2639,15.4904,-1.3221,-0.2393,15.4095,-1.1178,-0.1984,15.4223,-1.1502,-0.2441,15.466,-1.3087,-0.2517,15.4166,-1.2634
,-0.2292,15.4483,-1.2896,-0.2171,15.435,-1.2651,-0.2074,15.4246,-1.2393,-0.2731,15.501,-1.3339,-0.2837,15.496,-1.3337,-0.2015,15.4197,-1.2097,-0.1748,15.456,-1.2424,-0.1629,15.4521,-1.1834,-0.267,15.4942,-1.3273,-0.2637,15.5098,-1.335,-0.2515,15.5019,-1.3234,-0.2009,15.4304,-1.121,-0.1639,15.4558,-1.1536,-0.2242,15.4847,-1.3108,-0.2042,15.472,-1.2919,-0.1876,15.4629,-1.2679,-0.1881,15.5006,-1.2945
,-0.1688,15.4962,-1.2708,-0.1669,15.4529,-1.2129,-0.1534,15.4932,-1.2453,-0.1447,15.4922,-1.2159,-0.2559,15.5047,-1.3284,-0.2584,15.52,-1.3357,-0.1398,15.4929,-1.1861,-0.2436,15.5164,-1.3249,-0.1685,15.4617,-1.1241,-0.1415,15.4951,-1.156,-0.2119,15.5073,-1.3128,-0.147,15.4992,-1.1265,-0.2487,15.5176,-1.3296,-0.3146,15.5403,-1.3423,-0.3135,15.5562,-1.3397,-0.3221,15.5478,-1.3387,-0.3274,15.539,-1.3374
,-0.3222,15.5318,-1.3398,-0.2893,15.5612,-1.3407,-0.2876,15.5491,-1.3444,-0.2799,15.556,-1.3415,-0.2658,15.539,-1.3406,-0.2786,15.5404,-1.3444,-0.2711,15.5318,-1.3427,-0.2712,15.5478,-1.3414,-0.3306,15.5318,-1.3355,-0.2963,15.4995,-1.3361,-0.2963,15.5074,-1.3404,-0.3039,15.5025,-1.3371,-0.2624,15.5317,-1.3391,-0.2658,15.5245,-1.3397,-0.2786,15.5231,-1.3433,-0.2795,15.5075,-1.3392,-0.2873,15.5147,-1.3426
,-0.2887,15.5025,-1.3381,-0.2966,15.5229,-1.3443,-0.2872,15.5318,-1.3454,-0.2966,15.5407,-1.3454,-0.3059,15.5318,-1.3443,-0.3056,15.5147,-1.3414,-0.3146,15.5229,-1.3412,-0.3057,15.549,-1.3433,-0.2968,15.5562,-1.3429,-0.2969,15.5642,-1.3391,-0.3274,15.5245,-1.3364,-0.3221,15.5156,-1.3368,-0.3133,15.5076,-1.3372,-0.271,15.5155,-1.3397,-0.3043,15.5612,-1.3397,-0.1441,15.585,-1.1911,-0.1433,15.5384,-1.2173
,-0.1387,15.5398,-1.1888,-0.2595,15.5319,-1.3165,-0.2701,15.5385,-1.3131,-0.2687,15.5315,-1.3126,-0.1456,15.5854,-1.1614,-0.1403,15.541,-1.1596,-0.2385,15.5325,-1.3213,-0.2516,15.5456,-1.3213,-0.2493,15.5321,-1.3205,-0.1511,15.5839,-1.1325,-0.146,15.5424,-1.1309,-0.1919,15.5659,-1.297,-0.2109,15.5331,-1.3131,-0.1872,15.5341,-1.2947,-0.1728,15.5728,-1.2726,-0.1676,15.5357,-1.2698,-0.1575,15.5782,-1.2477
,-0.1522,15.5366,-1.2453,-0.1917,15.6062,-1.2724,-0.1789,15.6151,-1.248,-0.1489,15.5826,-1.2199,-0.171,15.6209,-1.2199,-0.2613,15.5419,-1.3172,-0.2748,15.5467,-1.3136,-0.1679,15.6236,-1.1622,-0.2502,15.5644,-1.3225,-0.2413,15.5488,-1.3226,-0.2081,15.5945,-1.297,-0.2151,15.5583,-1.3149,-0.2749,15.56,-1.3176,-0.2671,15.5524,-1.3175,-0.2007,15.6566,-1.1916,-0.1669,15.6244,-1.1918,-0.263,15.5763,-1.3222
,-0.2588,15.5583,-1.3216,-0.1725,15.6208,-1.1333,-0.2014,15.6555,-1.1621,-0.2321,15.6172,-1.297,-0.2273,15.5805,-1.3149,-0.22,15.6328,-1.2724,-0.2104,15.6449,-1.2477,-0.2046,15.6527,-1.2198,-0.2489,15.6651,-1.2474,-0.2446,15.6737,-1.2195,-0.242,15.6783,-1.1905,-0.2862,15.5652,-1.317,-0.2826,15.5503,-1.3133,-0.2795,15.5843,-1.3218,-0.2692,15.5679,-1.3214,-0.2041,15.6508,-1.1333,-0.2413,15.6764,-1.1609
,-0.2617,15.6323,-1.2969,-0.2467,15.5985,-1.3145,-0.2546,15.6506,-1.2723,-0.2424,15.6711,-1.1322,-0.2876,15.6815,-1.159,-0.2949,15.6365,-1.2943,-0.2698,15.6099,-1.3145,-0.2927,15.67,-1.2451,-0.2908,15.6787,-1.2166,-0.2894,15.6834,-1.1886,-0.2969,15.557,-1.3129,-0.2895,15.5539,-1.313,-0.2969,15.5868,-1.3206,-0.2829,15.5746,-1.321,-0.3366,15.6783,-1.1858,-0.3076,15.5652,-1.316,-0.297,15.5668,-1.3163
,-0.334,15.6765,-1.1562,-0.311,15.5743,-1.3196,-0.297,15.5765,-1.32,-0.3298,15.6712,-1.1275,-0.2861,15.6758,-1.1302,-0.3223,15.61,-1.3116,-0.2961,15.6137,-1.3127,-0.2939,15.6555,-1.2698,-0.3281,15.6323,-1.2929,-0.3331,15.6505,-1.2685,-0.3374,15.6737,-1.215,-0.3366,15.6652,-1.2435,-0.3673,15.633,-1.2649,-0.3748,15.645,-1.2399,-0.3775,15.6527,-1.2115,-0.3108,15.5503,-1.3116,-0.3039,15.554,-1.3121
,-0.3742,15.6556,-1.1532,-0.3144,15.5843,-1.3203,-0.3244,15.568,-1.3186,-0.368,15.6509,-1.1246,-0.3453,15.5984,-1.3094,-0.3578,15.6171,-1.29,-0.399,15.6211,-1.1214,-0.3639,15.5802,-1.3076,-0.3821,15.5942,-1.2875,-0.3959,15.6058,-1.2619,-0.4061,15.6151,-1.2363,-0.3779,15.6566,-1.1825,-0.4107,15.6208,-1.2077,-0.3185,15.56,-1.315,-0.3184,15.5469,-1.3107,-0.4071,15.6238,-1.1498,-0.3304,15.5764,-1.3189
,-0.3343,15.5583,-1.3175,-0.4119,15.6245,-1.1789,-0.4328,15.5827,-1.2047,-0.3316,15.5419,-1.3129,-0.3262,15.5525,-1.3141,-0.4293,15.5856,-1.1463,-0.3426,15.5643,-1.3177,-0.341,15.5455,-1.3163,-0.4199,15.5845,-1.1181,-0.3763,15.5581,-1.3064,-0.3984,15.5658,-1.2857,-0.4146,15.5729,-1.2597,-0.4271,15.5784,-1.2333,-0.4314,15.5367,-1.2305,-0.4377,15.5383,-1.202,-0.4396,15.5397,-1.1731,-0.4348,15.585,-1.1754
,-0.3333,15.5317,-1.312,-0.3229,15.5385,-1.3094,-0.4343,15.5412,-1.1444,-0.3533,15.5323,-1.315,-0.351,15.5488,-1.3165,-0.4247,15.5427,-1.1163,-0.3797,15.533,-1.3042,-0.4187,15.5355,-1.2566,-0.4288,15.4969,-1.1417,-0.3978,15.5019,-1.2823,-0.402,15.5341,-1.2832,-0.4137,15.4976,-1.2555,-0.4261,15.4948,-1.2286,-0.4321,15.4937,-1.2,-0.3314,15.5216,-1.3117,-0.3242,15.5317,-1.3089,-0.4342,15.4944,-1.1706
,-0.3507,15.5157,-1.3146,-0.3431,15.532,-1.3152,-0.4111,15.4544,-1.1704,-0.3259,15.5112,-1.3114,-0.3228,15.5246,-1.3086,-0.4065,15.4582,-1.1418,-0.3423,15.5003,-1.3141,-0.3408,15.5185,-1.3147,-0.4197,15.501,-1.1137,-0.3812,15.4736,-1.2815,-0.3758,15.5078,-1.3037,-0.3948,15.4647,-1.2546,-0.4048,15.458,-1.228,-0.4096,15.4551,-1.1994,-0.366,15.4375,-1.255,-0.3735,15.4278,-1.2285,-0.3764,15.4232,-1.2
,-0.3769,15.4216,-1.1709,-0.3181,15.5039,-1.3117,-0.3182,15.5166,-1.3085,-0.3731,15.4259,-1.1422,-0.33,15.4883,-1.3142,-0.334,15.5057,-1.3145,-0.3984,15.4639,-1.1136,-0.3567,15.4505,-1.2817,-0.3633,15.4859,-1.303,-0.3354,15.3996,-1.1718,-0.3137,15.4803,-1.3149,-0.3239,15.4963,-1.3148,-0.367,15.4336,-1.114,-0.3328,15.4045,-1.1428,-0.3214,15.4561,-1.3041,-0.3446,15.4679,-1.3032,-0.3319,15.4196,-1.2566
,-0.3353,15.4075,-1.2298,-0.3362,15.4016,-1.2012,-0.307,15.4985,-1.3122,-0.3106,15.513,-1.3097,-0.2896,15.3966,-1.2034,-0.2882,15.3941,-1.1745,-0.2962,15.5058,-1.3092,-0.3037,15.5094,-1.31,-0.2865,15.3992,-1.1459,-0.2961,15.478,-1.3151,-0.3105,15.4898,-1.3151,-0.3285,15.4131,-1.1147,-0.2936,15.4314,-1.2844,-0.3269,15.435,-1.2831,-0.2924,15.4148,-1.2579,-0.2914,15.4026,-1.2319,-0.2604,15.4355,-1.287
,-0.2476,15.4074,-1.2348,-0.2435,15.4013,-1.2062,-0.2856,15.4988,-1.3131,-0.2963,15.4971,-1.3125,-0.241,15.3992,-1.1768,-0.2822,15.4899,-1.3165,-0.2964,15.4877,-1.3154,-0.2848,15.4081,-1.1175,-0.2402,15.4041,-1.1478,-0.2688,15.4565,-1.3071,-0.2951,15.4527,-1.3051,-0.1999,15.4214,-1.18,-0.2788,15.4806,-1.3165,-0.2685,15.4965,-1.3178,-0.2411,15.413,-1.1196,-0.2005,15.4257,-1.1511,-0.2456,15.4681,-1.3083
,-0.2533,15.4197,-1.261,-0.2308,15.4508,-1.2887,-0.2187,15.4377,-1.263,-0.2036,15.423,-1.2088,-0.2823,15.5129,-1.3113,-0.289,15.5095,-1.3108,-0.1778,15.4579,-1.2405,-0.2092,15.4278,-1.2375,-0.1702,15.455,-1.212,-0.2742,15.504,-1.3145,-0.2744,15.5166,-1.3115,-0.1663,15.4544,-1.1832,-0.2623,15.4887,-1.3178,-0.2583,15.5061,-1.3187,-0.2029,15.4333,-1.1228,-0.1673,15.4579,-1.1544,-0.2263,15.4861,-1.3103
,-0.2068,15.4737,-1.291,-0.1904,15.4647,-1.2657,-0.1909,15.5017,-1.2937,-0.172,15.4977,-1.2688,-0.1567,15.4948,-1.2435,-0.1484,15.4938,-1.2152,-0.2668,15.5114,-1.3149,-0.2701,15.5245,-1.3122,-0.1438,15.4946,-1.1861,-0.2495,15.5006,-1.3191,-0.2512,15.5189,-1.3199,-0.1717,15.4638,-1.1259,-0.1453,15.4967,-1.1568,-0.2143,15.508,-1.3123,-0.2408,15.5162,-1.3208,-0.1505,15.5007,-1.1285,-0.2611,15.5217,-1.316
,-0.3054,15.5357,-1.3072,-0.3056,15.5443,-1.3092,-0.3102,15.5402,-1.3087,-0.3138,15.5353,-1.3082,-0.3096,15.5315,-1.3071,-0.2925,15.5479,-1.3102,-0.2921,15.5399,-1.3082,-0.2875,15.5444,-1.3102,-0.2794,15.5352,-1.3102,-0.2877,15.5356,-1.3082,-0.2837,15.5315,-1.3086,-0.283,15.5402,-1.3102,-0.3161,15.5315,-1.3082,-0.2965,15.5131,-1.3085,-0.2966,15.5192,-1.3072,-0.3006,15.5152,-1.3079,-0.2772,15.5315,-1.3105
,-0.2794,15.5275,-1.3097,-0.2877,15.5272,-1.3076,-0.2875,15.5185,-1.3087,-0.2921,15.5229,-1.3072,-0.2924,15.5152,-1.3085,-0.2966,15.5272,-1.3066,-0.2921,15.5314,-1.3071,-0.2966,15.5356,-1.3071,-0.301,15.5315,-1.3067,-0.3011,15.523,-1.3067,-0.3054,15.5272,-1.3066,-0.3011,15.5398,-1.3077,-0.2966,15.5437,-1.3086,-0.2966,15.5501,-1.3105,-0.3138,15.5275,-1.3078,-0.3102,15.5227,-1.3075,-0.3056,15.5186,-1.3076
